1 0 1
2 0 1
3 1 1
4 0 1
5 4 1
6 0 1
7 6 1
8 4 1
9 3 1
10 6 1
11 3 1
12 10 1
13 9 1
14 0 1
15 3 1
16 5 1
17 6 1
18 13 1
19 18 1
20 0 1
21 7 1
22 11 1
23 6 1
24 7 1
25 17 1
26 7 1
27 16 1
28 6 1
29 3 1
30 25 1
31 12 1
32 2 1
33 11 1
34 17 1
35 30 1
36 3 1
37 13 1
38 21 1
39 30 1
40 31 1
41 33 1
42 3 1
43 13 1
44 17 1
45 17 1
46 5 1
47 9 1
48 24 1
49 11 1
50 2 1
51 46 1
52 22 1
53 13 1
54 29 1
55 36 1
56 36 1
57 26 1
58 53 1
59 27 1
60 57 1
61 31 1
62 1 1
63 27 1
64 47 1
65 15 1
66 4 1
67 47 1
68 27 1
69 19 1
70 62 1
71 28 1
72 60 1
73 50 1
74 40 1
75 6 1
76 46 1
77 49 1
78 61 1
79 16 1
80 2 1
81 60 1
82 19 1
83 43 1
84 35 1
85 79 1
86 28 1
87 30 1
88 55 1
89 16 1
90 1 1
91 86 1
92 76 1
93 45 1
94 67 1
95 86 1
96 57 1
97 41 1
98 3 1
99 5 1
100 40 1
101 7 1
102 18 1
103 13 1
104 42 1
105 9 1
106 73 1
107 58 1
108 25 1
109 27 1
110 88 1
111 107 1
112 81 1
113 62 1
114 38 1
115 20 1
116 87 1
117 114 1
118 61 1
119 80 1
120 75 1
121 114 1
122 106 1
123 84 1
124 118 1
125 77 1
126 72 1
127 68 1
128 117 1
129 76 1
130 51 1
131 20 1
132 60 1
133 89 1
134 75 1
135 48 1
136 128 1
137 69 1
138 80 1
139 112 1
140 51 1
141 20 1
142 108 1
143 11 1
144 91 1
145 125 1
146 123 1
147 126 1
148 118 1
149 2 1
150 62 1
151 48 1
152 74 1
153 115 1
154 120 1
155 29 1
156 56 1
157 153 1
158 115 1
159 7 1
160 78 1
161 20 1
162 27 1
163 95 1
164 115 1
165 64 1
166 53 1
167 124 1
168 31 1
169 18 1
170 1 1
171 158 1
172 117 1
173 157 1
174 29 1
175 117 1
176 20 1
177 164 1
178 172 1
179 62 1
180 165 1
181 79 1
182 98 1
183 32 1
184 22 1
185 66 1
186 164 1
187 18 1
188 75 1
189 171 1
190 186 1
191 186 1
192 39 1
193 135 1
194 159 1
195 184 1
196 119 1
197 101 1
198 107 1
199 35 1
200 100 1
201 120 1
202 59 1
203 81 1
204 169 1
205 29 1
206 95 1
207 20 1
208 28 1
209 203 1
210 29 1
211 21 1
212 16 1
213 168 1
214 56 1
215 209 1
216 38 1
217 121 1
218 158 1
219 103 1
220 0 1
221 93 1
222 127 1
223 105 1
224 43 1
225 177 1
226 1 1
227 10 1
228 129 1
229 207 1
230 48 1
231 61 1
232 28 1
233 39 1
234 100 1
235 110 1
236 197 1
237 74 1
238 4 1
239 156 1
240 146 1
241 177 1
242 165 1
243 103 1
244 208 1
245 161 1
246 56 1
247 29 1
248 239 1
249 69 1
250 112 1
251 73 1
252 106 1
253 162 1
254 74 1
255 144 1
256 84 1
257 58 1
258 100 1
259 251 1
260 203 1
261 216 1
262 76 1
263 118 1
264 55 1
265 7 1
266 23 1
267 35 1
268 167 1
269 141 1
270 198 1
271 101 1
272 23 1
273 126 1
274 3 1
275 172 1
276 250 1
277 241 1
278 74 1
279 50 1
280 149 1
281 259 1
282 126 1
283 51 1
284 178 1
285 154 1
286 22 1
287 71 1
288 176 1
289 252 1
290 197 1
291 38 1
292 275 1
293 256 1
294 107 1
295 231 1
296 16 1
297 204 1
298 82 1
299 177 1
300 147 1
301 5 1
302 68 1
303 126 1
304 131 1
305 115 1
306 167 1
307 233 1
308 113 1
309 175 1
310 243 1
311 72 1
312 131 1
313 73 1
314 160 1
315 50 1
316 277 1
317 305 1
318 92 1
319 182 1
320 263 1
321 232 1
322 267 1
323 108 1
324 21 1
325 167 1
326 287 1
327 251 1
328 37 1
329 168 1
330 100 1
331 67 1
332 51 1
333 152 1
334 250 1
335 212 1
336 30 1
337 172 1
338 227 1
339 237 1
340 212 1
341 181 1
342 184 1
343 24 1
344 313 1
345 258 1
346 240 1
347 158 1
348 193 1
349 127 1
350 184 1
351 15 1
352 71 1
353 243 1
354 148 1
355 291 1
356 188 1
357 59 1
358 342 1
359 190 1
360 81 1
361 253 1
362 77 1
363 59 1
364 282 1
365 117 1
366 331 1
367 331 1
368 192 1
369 5 1
370 152 1
371 154 1
372 61 1
373 13 1
374 297 1
375 70 1
376 256 1
377 345 1
378 192 1
379 301 1
380 334 1
381 136 1
382 323 1
383 242 1
384 12 1
385 148 1
386 75 1
387 306 1
388 217 1
389 227 1
390 250 1
391 277 1
392 80 1
393 369 1
394 215 1
395 267 1
396 119 1
397 383 1
398 311 1
399 218 1
400 221 1
401 133 1
402 107 1
403 335 1
404 185 1
405 338 1
406 63 1
407 54 1
408 56 1
409 24 1
410 171 1
411 339 1
412 62 1
413 5 1
414 74 1
415 239 1
416 36 1
417 174 1
418 333 1
419 50 1
420 209 1
421 197 1
422 341 1
423 89 1
424 211 1
425 42 1
426 173 1
427 216 1
428 50 1
429 313 1
430 299 1
431 265 1
432 91 1
433 358 1
434 353 1
435 29 1
436 54 1
437 349 1
438 144 1
439 66 1
440 238 1
441 135 1
442 378 1
443 128 1
444 18 1
445 5 1
446 379 1
447 68 1
448 286 1
449 125 1
450 411 1
451 443 1
452 339 1
453 177 1
454 346 1
455 359 1
456 404 1
457 434 1
458 272 1
459 89 1
460 391 1
461 41 1
462 17 1
463 332 1
464 21 1
465 455 1
466 344 1
467 66 1
468 21 1
469 187 1
470 240 1
471 367 1
472 461 1
473 453 1
474 166 1
475 140 1
476 51 1
477 326 1
478 464 1
479 354 1
480 329 1
481 69 1
482 169 1
483 452 1
484 3 1
485 108 1
486 218 1
487 91 1
488 164 1
489 99 1
490 115 1
491 312 1
492 214 1
493 217 1
494 185 1
495 411 1
496 399 1
497 42 1
498 199 1
499 118 1
500 31 1
501 402 1
502 479 1
503 479 1
504 378 1
505 180 1
506 369 1
507 316 1
508 196 1
509 290 1
510 19 1
511 30 1
512 44 1
513 167 1
514 312 1
515 380 1
516 165 1
517 483 1
518 312 1
519 144 1
520 96 1
521 423 1
522 6 1
523 111 1
524 227 1
525 119 1
526 284 1
527 22 1
528 247 1
529 347 1
530 208 1
531 274 1
532 248 1
533 388 1
534 268 1
535 79 1
536 413 1
537 104 1
538 156 1
539 19 1
540 8 1
541 108 1
542 75 1
543 365 1
544 497 1
545 458 1
546 505 1
547 344 1
548 282 1
549 6 1
550 416 1
551 383 1
552 24 1
553 223 1
554 240 1
555 322 1
556 496 1
557 473 1
558 549 1
559 37 1
560 267 1
561 440 1
562 463 1
563 551 1
564 74 1
565 504 1
566 107 1
567 489 1
568 293 1
569 177 1
570 371 1
571 257 1
572 130 1
573 402 1
574 89 1
575 337 1
576 404 1
577 203 1
578 14 1
579 463 1
580 234 1
581 105 1
582 51 1
583 506 1
584 64 1
585 225 1
586 405 1
587 366 1
588 382 1
589 420 1
590 150 1
591 554 1
592 174 1
593 102 1
594 286 1
595 408 1
596 338 1
597 154 1
598 205 1
599 595 1
600 129 1
601 306 1
602 53 1
603 310 1
604 437 1
605 555 1
606 39 1
607 309 1
608 171 1
609 53 1
610 3 1
611 466 1
612 495 1
613 65 1
614 486 1
615 192 1
616 489 1
617 613 1
618 22 1
619 107 1
620 492 1
621 273 1
622 276 1
623 198 1
624 156 1
625 65 1
626 503 1
627 295 1
628 617 1
629 412 1
630 518 1
631 547 1
632 512 1
633 188 1
634 57 1
635 624 1
636 310 1
637 37 1
638 195 1
639 600 1