339	237	0.006259780907668232
339	452	0.006259780907668232
339	411	0.004694835680751174
338	596	0.004694835680751174
338	227	0.014084507042253521
338	405	0.006259780907668232
337	172	0.00782472613458529
337	575	0.009389671361502348
336	30	0.004694835680751174
335	403	0.001564945226917058
335	212	0.004694835680751174
334	250	0.001564945226917058
334	380	0.006259780907668232
333	152	0.006259780907668232
333	418	0.003129890453834116
332	51	0.003129890453834116
332	463	0.006259780907668232
331	367	0.006259780907668232
331	366	0.006259780907668232
331	67	0.00782472613458529
330	100	0.004694835680751174
329	168	0.003129890453834116
329	480	0.003129890453834116
328	37	0.00782472613458529
327	251	0.001564945226917058
326	477	0.004694835680751174
326	287	0.009389671361502348
325	167	0.001564945226917058
324	21	0.009389671361502348
323	382	0.004694835680751174
323	108	0.006259780907668232
322	555	0.006259780907668232
322	267	0.004694835680751174
321	232	0.009389671361502348
320	263	0.001564945226917058
319	182	0.00782472613458529
318	92	0.001564945226917058
317	305	0.001564945226917058
316	507	0.003129890453834116
316	277	0.00782472613458529
315	50	0.010954616588419406
314	160	0.001564945226917058
313	344	0.006259780907668232
313	73	0.004694835680751174
313	429	0.004694835680751174
312	518	0.006259780907668232
312	514	0.003129890453834116
312	131	0.006259780907668232
312	491	0.00782472613458529
311	72	0.004694835680751174
311	398	0.001564945226917058
310	603	0.004694835680751174
310	243	0.003129890453834116
310	636	0.006259780907668232
309	607	0.001564945226917058
309	175	0.001564945226917058
308	113	0.001564945226917058
307	233	0.001564945226917058
306	387	0.006259780907668232
306	601	0.006259780907668232
306	167	0.001564945226917058
305	115	0.003129890453834116
305	317	0.001564945226917058
304	131	0.006259780907668232
303	126	0.003129890453834116
302	68	0.003129890453834116
301	5	0.014084507042253521
301	379	0.010954616588419406
300	147	0.001564945226917058
639	600	0.00782472613458529
638	195	0.001564945226917058
637	37	0.00782472613458529
636	310	0.006259780907668232
635	624	0.004694835680751174
634	57	0.006259780907668232
633	188	0.003129890453834116
632	512	0.001564945226917058
631	547	0.001564945226917058
630	518	0.001564945226917058
199	498	0.004694835680751174
199	35	0.003129890453834116
198	270	0.001564945226917058
198	623	0.004694835680751174
198	107	0.006259780907668232
197	236	0.004694835680751174
197	101	0.004694835680751174
197	421	0.004694835680751174
197	290	0.009389671361502348
196	508	0.010954616588419406
196	119	0.012519561815336464
195	638	0.001564945226917058
195	184	0.001564945226917058
194	159	0.001564945226917058
193	135	0.006259780907668232
193	348	0.003129890453834116
192	39	0.006259780907668232
192	368	0.010954616588419406
192	378	0.010954616588419406
192	615	0.010954616588419406
191	186	0.004694835680751174
190	186	0.006259780907668232
190	359	0.003129890453834116
629	412	0.003129890453834116
628	617	0.006259780907668232
627	295	0.003129890453834116
626	503	0.004694835680751174
625	65	0.00782472613458529
624	635	0.004694835680751174
624	156	0.006259780907668232
623	198	0.004694835680751174
622	276	0.009389671361502348
621	273	0.003129890453834116
620	492	0.006259780907668232
189	171	0.004694835680751174
188	356	0.006259780907668232
188	75	0.012519561815336464
188	633	0.003129890453834116
187	469	0.00782472613458529
187	18	0.009389671361502348
186	191	0.004694835680751174
186	190	0.006259780907668232
186	164	0.006259780907668232
185	404	0.003129890453834116
185	494	0.001564945226917058
185	66	0.009389671361502348
184	342	0.001564945226917058
184	22	0.004694835680751174
184	195	0.001564945226917058
184	350	0.001564945226917058
183	32	0.003129890453834116
182	319	0.00782472613458529
182	98	0.00782472613458529
181	341	0.006259780907668232
181	79	0.006259780907668232
180	165	0.001564945226917058
180	505	0.003129890453834116
619	107	0.003129890453834116
618	22	0.00782472613458529
617	628	0.006259780907668232
617	613	0.012519561815336464
616	489	0.003129890453834116
615	192	0.010954616588419406
614	486	0.003129890453834116
613	617	0.012519561815336464
613	65	0.014084507042253521
612	495	0.010954616588419406
611	466	0.001564945226917058
610	3	0.009389671361502348
179	62	0.010954616588419406
178	284	0.00782472613458529
178	172	0.00782472613458529
177	225	0.010954616588419406
177	453	0.006259780907668232
177	164	0.003129890453834116
177	569	0.006259780907668232
177	241	0.003129890453834116
177	299	0.004694835680751174
176	20	0.003129890453834116
176	288	0.003129890453834116
175	117	0.001564945226917058
175	309	0.001564945226917058
174	592	0.003129890453834116
174	29	0.010954616588419406
174	417	0.006259780907668232
173	426	0.010954616588419406
173	157	0.010954616588419406
172	117	0.009389671361502348
172	178	0.00782472613458529
172	337	0.00782472613458529
172	275	0.01564945226917058
171	189	0.004694835680751174
171	410	0.003129890453834116
171	158	0.00782472613458529
171	608	0.004694835680751174
170	1	0.003129890453834116
609	53	0.001564945226917058
608	171	0.004694835680751174
607	309	0.001564945226917058
606	39	0.00782472613458529
605	555	0.004694835680751174
604	437	0.009389671361502348
603	310	0.004694835680751174
602	53	0.006259780907668232
601	306	0.006259780907668232
600	129	0.006259780907668232
600	639	0.00782472613458529
169	482	0.004694835680751174
169	204	0.006259780907668232
169	18	0.010954616588419406
168	213	0.001564945226917058
168	329	0.003129890453834116
168	31	0.004694835680751174
167	306	0.001564945226917058
167	268	0.003129890453834116
167	124	0.004694835680751174
167	325	0.001564945226917058
167	513	0.003129890453834116
166	474	0.00782472613458529
166	53	0.004694835680751174
165	64	0.006259780907668232
165	242	0.006259780907668232
165	516	0.003129890453834116
165	180	0.001564945226917058
164	177	0.003129890453834116
164	488	0.004694835680751174
164	115	0.012519561815336464
164	186	0.006259780907668232
163	95	0.004694835680751174
162	27	0.009389671361502348
162	253	0.004694835680751174
161	245	0.001564945226917058
161	20	0.001564945226917058
160	314	0.001564945226917058
160	78	0.001564945226917058
159	194	0.001564945226917058
159	7	0.003129890453834116
158	115	0.006259780907668232
158	218	0.006259780907668232
158	171	0.00782472613458529
158	347	0.012519561815336464
157	153	0.009389671361502348
157	173	0.010954616588419406
156	624	0.006259780907668232
156	56	0.004694835680751174
156	239	0.004694835680751174
156	538	0.001564945226917058
155	29	0.003129890453834116
154	597	0.00782472613458529
154	285	0.004694835680751174
154	120	0.00782472613458529
154	371	0.009389671361502348
153	115	0.014084507042253521
153	157	0.009389671361502348
152	370	0.004694835680751174
152	333	0.006259780907668232
152	74	0.00782472613458529
151	48	0.003129890453834116
150	62	0.010954616588419406
150	590	0.00782472613458529
149	2	0.004694835680751174
149	280	0.001564945226917058
148	354	0.001564945226917058
148	385	0.003129890453834116
148	118	0.003129890453834116
147	126	0.003129890453834116
147	300	0.001564945226917058
146	123	0.006259780907668232
146	240	0.006259780907668232
145	125	0.012519561815336464
144	438	0.009389671361502348
144	519	0.003129890453834116
144	255	0.00782472613458529
144	91	0.012519561815336464
143	11	0.00782472613458529
142	108	0.012519561815336464
141	269	0.004694835680751174
141	20	0.004694835680751174
140	51	0.004694835680751174
140	475	0.003129890453834116
139	112	0.006259780907668232
138	80	0.00782472613458529
499	118	0.00782472613458529
137	69	0.006259780907668232
498	199	0.004694835680751174
136	381	0.00782472613458529
136	128	0.006259780907668232
497	544	0.001564945226917058
497	42	0.00782472613458529
135	441	0.006259780907668232
135	48	0.006259780907668232
135	193	0.006259780907668232
496	556	0.001564945226917058
496	399	0.001564945226917058
134	75	0.004694835680751174
495	411	0.010954616588419406
495	612	0.010954616588419406
133	401	0.00782472613458529
133	89	0.010954616588419406
494	185	0.001564945226917058
132	60	0.004694835680751174
493	217	0.004694835680751174
131	304	0.006259780907668232
131	20	0.00782472613458529
131	312	0.006259780907668232
492	620	0.006259780907668232
492	214	0.006259780907668232
130	572	0.004694835680751174
130	51	0.009389671361502348
491	312	0.00782472613458529
490	115	0.004694835680751174
129	76	0.003129890453834116
129	600	0.006259780907668232
129	228	0.001564945226917058
128	117	0.006259780907668232
128	136	0.006259780907668232
128	443	0.006259780907668232
489	99	0.006259780907668232
489	616	0.003129890453834116
489	567	0.003129890453834116
127	222	0.014084507042253521
127	349	0.012519561815336464
127	68	0.012519561815336464
488	164	0.004694835680751174
126	273	0.003129890453834116
126	282	0.00782472613458529
126	72	0.009389671361502348
126	303	0.003129890453834116
126	147	0.003129890453834116
487	91	0.006259780907668232
125	449	0.014084507042253521
125	145	0.012519561815336464
125	77	0.004694835680751174
486	614	0.003129890453834116
486	218	0.004694835680751174
124	118	0.003129890453834116
124	167	0.004694835680751174
485	108	0.009389671361502348
123	84	0.004694835680751174
123	146	0.006259780907668232
484	3	0.00782472613458529
122	106	0.001564945226917058
483	452	0.00782472613458529
483	517	0.004694835680751174
121	114	0.004694835680751174
121	217	0.003129890453834116
482	169	0.004694835680751174
120	201	0.00782472613458529
120	154	0.00782472613458529
120	75	0.00782472613458529
481	69	0.004694835680751174
480	329	0.003129890453834116
119	196	0.012519561815336464
119	80	0.009389671361502348
119	396	0.00782472613458529
119	525	0.009389671361502348
118	499	0.00782472613458529
118	61	0.006259780907668232
118	148	0.003129890453834116
118	124	0.003129890453834116
118	263	0.004694835680751174
479	354	0.003129890453834116
479	503	0.003129890453834116
479	502	0.004694835680751174
117	128	0.006259780907668232
117	114	0.00782472613458529
117	175	0.001564945226917058
117	365	0.009389671361502348
117	172	0.009389671361502348
478	464	0.004694835680751174
116	87	0.006259780907668232
477	326	0.004694835680751174
115	490	0.004694835680751174
115	153	0.014084507042253521
115	164	0.012519561815336464
115	305	0.003129890453834116
115	20	0.006259780907668232
115	158	0.006259780907668232
476	51	0.001564945226917058
114	117	0.00782472613458529
114	38	0.00782472613458529
114	121	0.004694835680751174
475	140	0.003129890453834116
113	308	0.001564945226917058
113	62	0.009389671361502348
474	166	0.00782472613458529
112	250	0.006259780907668232
112	139	0.006259780907668232
112	81	0.010954616588419406
473	453	0.004694835680751174
473	557	0.003129890453834116
111	523	0.004694835680751174
111	107	0.004694835680751174
472	461	0.00782472613458529
110	88	0.003129890453834116
110	235	0.004694835680751174
471	367	0.003129890453834116
470	240	0.003129890453834116
109	27	0.006259780907668232
108	142	0.012519561815336464
108	25	0.010954616588419406
108	485	0.009389671361502348
108	541	0.006259780907668232
108	323	0.006259780907668232
469	187	0.00782472613458529
107	619	0.003129890453834116
107	402	0.010954616588419406
107	294	0.00782472613458529
107	198	0.006259780907668232
107	58	0.004694835680751174
107	111	0.004694835680751174
107	566	0.001564945226917058
468	21	0.00782472613458529
106	73	0.003129890453834116
106	122	0.001564945226917058
106	252	0.003129890453834116
467	66	0.006259780907668232
105	223	0.006259780907668232
105	581	0.004694835680751174
105	9	0.012519561815336464
466	344	0.004694835680751174
466	611	0.001564945226917058
104	42	0.004694835680751174
104	537	0.003129890453834116
465	455	0.010954616588419406
103	13	0.00782472613458529
103	219	0.006259780907668232
103	243	0.010954616588419406
464	21	0.009389671361502348
464	478	0.004694835680751174
102	593	0.00782472613458529
102	18	0.017214397496087636
463	332	0.006259780907668232
463	579	0.00782472613458529
463	562	0.009389671361502348
101	271	0.001564945226917058
101	197	0.004694835680751174
101	7	0.00782472613458529
462	17	0.003129890453834116
100	40	0.004694835680751174
100	200	0.006259780907668232
100	330	0.004694835680751174
100	258	0.00782472613458529
100	234	0.00782472613458529
461	472	0.00782472613458529
461	41	0.012519561815336464
460	391	0.003129890453834116
459	89	0.006259780907668232
458	272	0.009389671361502348
458	545	0.006259780907668232
457	434	0.001564945226917058
456	404	0.006259780907668232
455	465	0.010954616588419406
455	359	0.009389671361502348
454	346	0.003129890453834116
453	177	0.006259780907668232
453	473	0.004694835680751174
452	339	0.006259780907668232
452	483	0.00782472613458529
451	443	0.003129890453834116
450	411	0.006259780907668232
449	125	0.014084507042253521
448	286	0.003129890453834116
447	68	0.003129890453834116
446	379	0.00782472613458529
445	5	0.009389671361502348
444	18	0.004694835680751174
443	128	0.006259780907668232
443	451	0.003129890453834116
442	378	0.003129890453834116
441	135	0.006259780907668232
440	561	0.004694835680751174
440	238	0.010954616588419406
439	66	0.006259780907668232
438	144	0.009389671361502348
437	604	0.009389671361502348
437	349	0.00782472613458529
436	54	0.004694835680751174
435	29	0.003129890453834116
434	353	0.001564945226917058
434	457	0.001564945226917058
433	358	0.004694835680751174
432	91	0.009389671361502348
431	265	0.001564945226917058
430	299	0.003129890453834116
429	313	0.004694835680751174
428	50	0.009389671361502348
427	216	0.00782472613458529
426	173	0.010954616588419406
425	42	0.009389671361502348
424	211	0.003129890453834116
423	521	0.003129890453834116
423	89	0.00782472613458529
422	341	0.003129890453834116
421	197	0.004694835680751174
420	209	0.004694835680751174
420	589	0.001564945226917058
419	50	0.00782472613458529
418	333	0.003129890453834116
417	174	0.006259780907668232
416	36	0.009389671361502348
416	550	0.003129890453834116
415	239	0.003129890453834116
414	74	0.004694835680751174
413	536	0.003129890453834116
413	5	0.004694835680751174
412	62	0.003129890453834116
412	629	0.003129890453834116
411	450	0.006259780907668232
411	339	0.004694835680751174
411	495	0.010954616588419406
410	171	0.003129890453834116
409	24	0.003129890453834116
408	595	0.001564945226917058
408	56	0.004694835680751174
407	54	0.006259780907668232
406	63	0.001564945226917058
405	338	0.006259780907668232
405	586	0.001564945226917058
404	185	0.003129890453834116
404	576	0.004694835680751174
404	456	0.006259780907668232
403	335	0.001564945226917058
402	573	0.00782472613458529
402	107	0.010954616588419406
402	501	0.009389671361502348
401	133	0.00782472613458529
400	221	0.009389671361502348
299	177	0.004694835680751174
299	430	0.003129890453834116
298	82	0.004694835680751174
297	374	0.017214397496087636
297	204	0.017214397496087636
296	16	0.009389671361502348
295	627	0.003129890453834116
295	231	0.006259780907668232
294	107	0.00782472613458529
293	568	0.003129890453834116
293	256	0.006259780907668232
292	275	0.006259780907668232
291	38	0.004694835680751174
291	355	0.004694835680751174
290	509	0.004694835680751174
290	197	0.009389671361502348
289	252	0.004694835680751174
288	176	0.003129890453834116
287	71	0.01564945226917058
287	326	0.009389671361502348
286	594	0.003129890453834116
286	448	0.003129890453834116
286	22	0.012519561815336464
285	154	0.004694835680751174
284	178	0.00782472613458529
284	526	0.00782472613458529
283	51	0.004694835680751174
282	548	0.004694835680751174
282	126	0.00782472613458529
282	364	0.009389671361502348
281	259	0.001564945226917058
280	149	0.001564945226917058
279	50	0.00782472613458529
278	74	0.006259780907668232
277	391	0.006259780907668232
277	316	0.00782472613458529
277	241	0.006259780907668232
276	250	0.009389671361502348
276	622	0.009389671361502348
275	172	0.01564945226917058
275	292	0.006259780907668232
274	3	0.012519561815336464
274	531	0.006259780907668232
273	126	0.003129890453834116
273	621	0.003129890453834116
272	23	0.004694835680751174
272	458	0.009389671361502348
271	101	0.001564945226917058
270	198	0.001564945226917058
269	141	0.004694835680751174
268	534	0.003129890453834116
268	167	0.003129890453834116
267	560	0.003129890453834116
267	35	0.006259780907668232
267	395	0.003129890453834116
267	322	0.004694835680751174
266	23	0.003129890453834116
265	431	0.001564945226917058
265	7	0.004694835680751174
264	55	0.009389671361502348
263	320	0.001564945226917058
263	118	0.004694835680751174
262	76	0.00782472613458529
261	216	0.004694835680751174
260	203	0.012519561815336464
259	281	0.001564945226917058
259	251	0.003129890453834116
258	345	0.004694835680751174
258	100	0.00782472613458529
257	571	0.006259780907668232
257	58	0.009389671361502348
256	84	0.006259780907668232
256	376	0.006259780907668232
256	293	0.006259780907668232
255	144	0.00782472613458529
254	74	0.004694835680751174
253	162	0.004694835680751174
253	361	0.001564945226917058
252	289	0.004694835680751174
252	106	0.003129890453834116
251	259	0.003129890453834116
251	73	0.006259780907668232
251	327	0.001564945226917058
250	390	0.001564945226917058
250	112	0.006259780907668232
250	276	0.009389671361502348
250	334	0.001564945226917058
249	69	0.01564945226917058
248	532	0.001564945226917058
248	239	0.003129890453834116
247	528	0.006259780907668232
247	29	0.010954616588419406
246	56	0.006259780907668232
245	161	0.001564945226917058
244	208	0.003129890453834116
243	103	0.010954616588419406
243	353	0.003129890453834116
243	310	0.003129890453834116
242	165	0.006259780907668232
242	383	0.003129890453834116
241	177	0.003129890453834116
241	277	0.006259780907668232
240	554	0.00782472613458529
240	470	0.003129890453834116
240	146	0.006259780907668232
240	346	0.006259780907668232
239	248	0.003129890453834116
239	415	0.003129890453834116
239	156	0.004694835680751174
238	440	0.010954616588419406
238	4	0.006259780907668232
599	595	0.001564945226917058
237	74	0.004694835680751174
237	339	0.006259780907668232
598	205	0.001564945226917058
236	197	0.004694835680751174
597	154	0.00782472613458529
235	110	0.004694835680751174
596	338	0.004694835680751174
234	100	0.00782472613458529
234	580	0.009389671361502348
595	408	0.001564945226917058
595	599	0.001564945226917058
233	39	0.00782472613458529
233	307	0.001564945226917058
594	286	0.003129890453834116
232	321	0.009389671361502348
232	28	0.00782472613458529
593	102	0.00782472613458529
231	61	0.003129890453834116
231	295	0.006259780907668232
592	174	0.003129890453834116
230	48	0.00782472613458529
591	554	0.001564945226917058
590	150	0.00782472613458529
229	207	0.006259780907668232
228	129	0.001564945226917058
589	420	0.001564945226917058
227	524	0.006259780907668232
227	389	0.001564945226917058
227	10	0.006259780907668232
227	338	0.014084507042253521
588	382	0.003129890453834116
226	1	0.006259780907668232
587	366	0.004694835680751174
225	585	0.006259780907668232
225	177	0.010954616588419406
586	405	0.001564945226917058
224	43	0.006259780907668232
585	225	0.006259780907668232
223	105	0.006259780907668232
223	553	0.006259780907668232
584	64	0.004694835680751174
222	127	0.014084507042253521
583	506	0.004694835680751174
221	400	0.009389671361502348
221	93	0.00782472613458529
582	51	0.003129890453834116
220	0	0.003129890453834116
581	105	0.004694835680751174
580	234	0.009389671361502348
219	103	0.006259780907668232
218	486	0.004694835680751174
218	399	0.001564945226917058
218	158	0.006259780907668232
579	463	0.00782472613458529
217	388	0.003129890453834116
217	493	0.004694835680751174
217	121	0.003129890453834116
578	14	0.003129890453834116
216	261	0.004694835680751174
216	427	0.00782472613458529
216	38	0.006259780907668232
577	203	0.004694835680751174
215	394	0.006259780907668232
215	209	0.00782472613458529
576	404	0.004694835680751174
214	56	0.010954616588419406
214	492	0.006259780907668232
575	337	0.009389671361502348
213	168	0.001564945226917058
574	89	0.006259780907668232
212	340	0.003129890453834116
212	335	0.004694835680751174
212	16	0.00782472613458529
573	402	0.00782472613458529
211	424	0.003129890453834116
211	21	0.009389671361502348
572	130	0.004694835680751174
210	29	0.001564945226917058
571	257	0.006259780907668232
570	371	0.006259780907668232
209	420	0.004694835680751174
209	215	0.00782472613458529
209	203	0.004694835680751174
208	244	0.003129890453834116
208	530	0.004694835680751174
208	28	0.006259780907668232
569	177	0.006259780907668232
207	20	0.009389671361502348
207	229	0.006259780907668232
568	293	0.003129890453834116
206	95	0.006259780907668232
567	489	0.003129890453834116
205	29	0.010954616588419406
205	598	0.001564945226917058
566	107	0.001564945226917058
204	297	0.017214397496087636
204	169	0.006259780907668232
565	504	0.001564945226917058
203	260	0.012519561815336464
203	209	0.004694835680751174
203	81	0.006259780907668232
203	577	0.004694835680751174
564	74	0.001564945226917058
202	59	0.003129890453834116
563	551	0.004694835680751174
201	120	0.00782472613458529
562	463	0.009389671361502348
200	100	0.006259780907668232
561	440	0.004694835680751174
560	267	0.003129890453834116
559	37	0.006259780907668232
558	549	0.003129890453834116
557	473	0.003129890453834116
556	496	0.001564945226917058
555	605	0.004694835680751174
555	322	0.006259780907668232
554	591	0.001564945226917058
554	240	0.00782472613458529
553	223	0.006259780907668232
552	24	0.001564945226917058
551	563	0.004694835680751174
551	383	0.003129890453834116
550	416	0.003129890453834116
549	6	0.006259780907668232
549	558	0.003129890453834116
548	282	0.004694835680751174
547	631	0.001564945226917058
547	344	0.001564945226917058
546	505	0.004694835680751174
545	458	0.006259780907668232
544	497	0.001564945226917058
543	365	0.004694835680751174
542	75	0.00782472613458529
541	108	0.006259780907668232
540	8	0.009389671361502348
539	19	0.00782472613458529
538	156	0.001564945226917058
537	104	0.003129890453834116
536	413	0.003129890453834116
535	79	0.003129890453834116
534	268	0.003129890453834116
533	388	0.004694835680751174
532	248	0.001564945226917058
531	274	0.006259780907668232
530	208	0.004694835680751174
529	347	0.010954616588419406
528	247	0.006259780907668232
527	22	0.006259780907668232
526	284	0.00782472613458529
525	119	0.009389671361502348
524	227	0.006259780907668232
523	111	0.004694835680751174
522	6	0.003129890453834116
521	423	0.003129890453834116
520	96	0.006259780907668232
519	144	0.003129890453834116
518	630	0.001564945226917058
518	312	0.006259780907668232
517	483	0.004694835680751174
516	165	0.003129890453834116
515	380	0.010954616588419406
514	312	0.003129890453834116
513	167	0.003129890453834116
512	632	0.001564945226917058
512	44	0.004694835680751174
511	30	0.004694835680751174
510	19	0.009389671361502348
99	489	0.006259780907668232
99	5	0.009389671361502348
98	3	0.004694835680751174
98	182	0.00782472613458529
509	290	0.004694835680751174
97	41	0.00782472613458529
508	196	0.010954616588419406
96	520	0.006259780907668232
96	57	0.009389671361502348
507	316	0.003129890453834116
95	86	0.006259780907668232
95	163	0.004694835680751174
95	206	0.006259780907668232
506	369	0.00782472613458529
506	583	0.004694835680751174
94	67	0.004694835680751174
505	546	0.004694835680751174
505	180	0.003129890453834116
93	221	0.00782472613458529
93	45	0.003129890453834116
504	378	0.006259780907668232
504	565	0.001564945226917058
92	76	0.006259780907668232
92	318	0.001564945226917058
503	626	0.004694835680751174
503	479	0.003129890453834116
91	86	0.00782472613458529
91	487	0.006259780907668232
91	432	0.009389671361502348
91	144	0.012519561815336464
502	479	0.004694835680751174
90	1	0.003129890453834116
501	402	0.009389671361502348
500	31	0.004694835680751174
89	459	0.006259780907668232
89	423	0.00782472613458529
89	133	0.010954616588419406
89	574	0.006259780907668232
89	16	0.009389671361502348
88	110	0.003129890453834116
88	55	0.012519561815336464
87	116	0.006259780907668232
87	30	0.010954616588419406
86	95	0.006259780907668232
86	91	0.00782472613458529
86	28	0.004694835680751174
85	79	0.006259780907668232
84	35	0.003129890453834116
84	256	0.006259780907668232
84	123	0.004694835680751174
83	43	0.010954616588419406
82	298	0.004694835680751174
82	19	0.012519561815336464
81	60	0.004694835680751174
81	112	0.010954616588419406
81	203	0.006259780907668232
81	360	0.004694835680751174
80	392	0.009389671361502348
80	138	0.00782472613458529
80	2	0.009389671361502348
80	119	0.009389671361502348
79	535	0.003129890453834116
79	85	0.006259780907668232
79	181	0.006259780907668232
79	16	0.010954616588419406
78	61	0.001564945226917058
78	160	0.001564945226917058
77	49	0.001564945226917058
77	125	0.004694835680751174
77	362	0.003129890453834116
76	129	0.003129890453834116
76	262	0.00782472613458529
76	46	0.006259780907668232
76	92	0.006259780907668232
75	6	0.006259780907668232
75	188	0.012519561815336464
75	542	0.00782472613458529
75	134	0.004694835680751174
75	386	0.006259780907668232
75	120	0.00782472613458529
74	237	0.004694835680751174
74	40	0.004694835680751174
74	414	0.004694835680751174
74	152	0.00782472613458529
74	278	0.006259780907668232
74	254	0.004694835680751174
74	564	0.001564945226917058
73	50	0.00782472613458529
73	313	0.004694835680751174
73	106	0.003129890453834116
73	251	0.006259780907668232
72	126	0.009389671361502348
72	60	0.004694835680751174
72	311	0.004694835680751174
71	352	0.004694835680751174
71	28	0.009389671361502348
71	287	0.01564945226917058
70	62	0.00782472613458529
70	375	0.003129890453834116
69	249	0.01564945226917058
69	137	0.006259780907668232
69	19	0.010954616588419406
69	481	0.004694835680751174
68	27	0.003129890453834116
68	127	0.012519561815336464
68	447	0.003129890453834116
68	302	0.003129890453834116
67	331	0.00782472613458529
67	47	0.004694835680751174
67	94	0.004694835680751174
66	439	0.006259780907668232
66	4	0.010954616588419406
66	185	0.009389671361502348
66	467	0.006259780907668232
65	15	0.009389671361502348
65	613	0.014084507042253521
65	625	0.00782472613458529
64	165	0.006259780907668232
64	584	0.004694835680751174
64	47	0.009389671361502348
63	27	0.006259780907668232
63	406	0.001564945226917058
62	113	0.009389671361502348
62	150	0.010954616588419406
62	412	0.003129890453834116
62	1	0.010954616588419406
62	70	0.00782472613458529
62	179	0.010954616588419406
61	231	0.003129890453834116
61	31	0.009389671361502348
61	78	0.001564945226917058
61	372	0.010954616588419406
61	118	0.006259780907668232
60	72	0.004694835680751174
60	57	0.00782472613458529
60	81	0.004694835680751174
60	132	0.004694835680751174
399	496	0.001564945226917058
399	218	0.001564945226917058
398	311	0.001564945226917058
397	383	0.001564945226917058
396	119	0.00782472613458529
395	267	0.003129890453834116
394	215	0.006259780907668232
393	369	0.003129890453834116
392	80	0.009389671361502348
391	460	0.003129890453834116
391	277	0.006259780907668232
390	250	0.001564945226917058
59	27	0.018779342723004695
59	357	0.012519561815336464
59	363	0.014084507042253521
59	202	0.003129890453834116
58	257	0.009389671361502348
58	107	0.004694835680751174
58	53	0.00782472613458529
57	26	0.010954616588419406
57	60	0.00782472613458529
57	96	0.009389671361502348
57	634	0.006259780907668232
56	246	0.006259780907668232
56	36	0.004694835680751174
56	408	0.004694835680751174
56	156	0.004694835680751174
56	214	0.010954616588419406
55	88	0.012519561815336464
55	36	0.012519561815336464
55	264	0.009389671361502348
54	436	0.004694835680751174
54	407	0.006259780907668232
54	29	0.006259780907668232
53	166	0.004694835680751174
53	13	0.009389671361502348
53	58	0.00782472613458529
53	602	0.006259780907668232
53	609	0.001564945226917058
52	22	0.010954616588419406
51	130	0.009389671361502348
51	332	0.003129890453834116
51	476	0.001564945226917058
51	140	0.004694835680751174
51	283	0.004694835680751174
51	582	0.003129890453834116
51	46	0.006259780907668232
50	428	0.009389671361502348
50	73	0.00782472613458529
50	2	0.004694835680751174
50	315	0.010954616588419406
50	279	0.00782472613458529
50	419	0.00782472613458529
389	227	0.001564945226917058
388	533	0.004694835680751174
388	217	0.003129890453834116
387	306	0.006259780907668232
386	75	0.006259780907668232
385	148	0.003129890453834116
384	12	0.004694835680751174
383	242	0.003129890453834116
383	397	0.001564945226917058
383	551	0.003129890453834116
382	588	0.003129890453834116
382	323	0.004694835680751174
381	136	0.00782472613458529
380	515	0.010954616588419406
380	334	0.006259780907668232
49	11	0.001564945226917058
49	77	0.001564945226917058
48	151	0.003129890453834116
48	24	0.014084507042253521
48	135	0.006259780907668232
48	230	0.00782472613458529
47	64	0.009389671361502348
47	67	0.004694835680751174
47	9	0.006259780907668232
46	76	0.006259780907668232
46	51	0.006259780907668232
46	5	0.004694835680751174
45	93	0.003129890453834116
45	17	0.00782472613458529
44	512	0.004694835680751174
44	17	0.004694835680751174
43	224	0.006259780907668232
43	13	0.018779342723004695
43	83	0.010954616588419406
42	104	0.004694835680751174
42	3	0.010954616588419406
42	425	0.009389671361502348
42	497	0.00782472613458529
41	97	0.00782472613458529
41	461	0.012519561815336464
41	33	0.00782472613458529
40	74	0.004694835680751174
40	100	0.004694835680751174
40	31	0.004694835680751174
379	446	0.00782472613458529
379	301	0.010954616588419406
378	504	0.006259780907668232
378	442	0.003129890453834116
378	192	0.010954616588419406
377	345	0.003129890453834116
376	256	0.006259780907668232
375	70	0.003129890453834116
374	297	0.017214397496087636
373	13	0.009389671361502348
372	61	0.010954616588419406
371	154	0.009389671361502348
371	570	0.006259780907668232
370	152	0.004694835680751174
39	606	0.00782472613458529
39	233	0.00782472613458529
39	30	0.009389671361502348
39	192	0.006259780907668232
38	114	0.00782472613458529
38	21	0.009389671361502348
38	291	0.004694835680751174
38	216	0.006259780907668232
37	559	0.006259780907668232
37	13	0.009389671361502348
37	328	0.00782472613458529
37	637	0.00782472613458529
36	416	0.009389671361502348
36	3	0.006259780907668232
36	56	0.004694835680751174
36	55	0.012519561815336464
35	199	0.003129890453834116
35	84	0.003129890453834116
35	267	0.006259780907668232
35	30	0.006259780907668232
34	17	0.006259780907668232
33	11	0.00782472613458529
33	41	0.00782472613458529
32	2	0.004694835680751174
32	183	0.003129890453834116
31	500	0.004694835680751174
31	40	0.004694835680751174
31	61	0.009389671361502348
31	12	0.004694835680751174
31	168	0.004694835680751174
30	39	0.009389671361502348
30	511	0.004694835680751174
30	87	0.010954616588419406
30	25	0.014084507042253521
30	35	0.006259780907668232
30	336	0.004694835680751174
369	5	0.010954616588419406
369	393	0.003129890453834116
369	506	0.00782472613458529
368	192	0.010954616588419406
367	331	0.006259780907668232
367	471	0.003129890453834116
366	331	0.006259780907668232
366	587	0.004694835680751174
365	117	0.009389671361502348
365	543	0.004694835680751174
364	282	0.009389671361502348
363	59	0.014084507042253521
362	77	0.003129890453834116
361	253	0.001564945226917058
360	81	0.004694835680751174
29	247	0.010954616588419406
29	210	0.001564945226917058
29	3	0.009389671361502348
29	174	0.010954616588419406
29	435	0.003129890453834116
29	205	0.010954616588419406
29	54	0.006259780907668232
29	155	0.003129890453834116
28	6	0.004694835680751174
28	86	0.004694835680751174
28	208	0.006259780907668232
28	71	0.009389671361502348
28	232	0.00782472613458529
27	63	0.006259780907668232
27	162	0.009389671361502348
27	59	0.018779342723004695
27	68	0.003129890453834116
27	109	0.006259780907668232
27	16	0.017214397496087636
26	57	0.010954616588419406
26	7	0.004694835680751174
25	108	0.010954616588419406
25	30	0.014084507042253521
25	17	0.004694835680751174
24	343	0.009389671361502348
24	48	0.014084507042253521
24	409	0.003129890453834116
24	552	0.001564945226917058
24	7	0.006259780907668232
23	6	0.01564945226917058
23	272	0.004694835680751174
23	266	0.003129890453834116
22	52	0.010954616588419406
22	286	0.012519561815336464
22	618	0.00782472613458529
22	11	0.00782472613458529
22	184	0.004694835680751174
22	527	0.006259780907668232
21	464	0.009389671361502348
21	38	0.009389671361502348
21	211	0.009389671361502348
21	468	0.00782472613458529
21	324	0.009389671361502348
21	7	0.006259780907668232
20	141	0.004694835680751174
20	115	0.006259780907668232
20	176	0.003129890453834116
20	161	0.001564945226917058
20	207	0.009389671361502348
20	0	0.006259780907668232
20	131	0.00782472613458529
9	105	0.012519561815336464
9	13	0.00782472613458529
9	3	0.00782472613458529
9	47	0.006259780907668232
8	4	0.014084507042253521
8	540	0.009389671361502348
359	190	0.003129890453834116
359	455	0.009389671361502348
7	6	0.009389671361502348
7	26	0.004694835680751174
7	24	0.006259780907668232
7	101	0.00782472613458529
7	21	0.006259780907668232
7	159	0.003129890453834116
7	265	0.004694835680751174
358	342	0.003129890453834116
358	433	0.004694835680751174
6	28	0.004694835680751174
6	23	0.01564945226917058
6	17	0.012519561815336464
6	75	0.006259780907668232
6	7	0.009389671361502348
6	10	0.012519561815336464
6	0	0.009389671361502348
6	549	0.006259780907668232
6	522	0.003129890453834116
357	59	0.012519561815336464
5	369	0.010954616588419406
5	99	0.009389671361502348
5	4	0.014084507042253521
5	413	0.004694835680751174
5	46	0.004694835680751174
5	445	0.009389671361502348
5	301	0.014084507042253521
5	16	0.00782472613458529
356	188	0.006259780907668232
4	5	0.014084507042253521
4	0	0.00782472613458529
4	66	0.010954616588419406
4	8	0.014084507042253521
4	238	0.006259780907668232
355	291	0.004694835680751174
3	29	0.009389671361502348
3	274	0.012519561815336464
3	9	0.00782472613458529
3	484	0.00782472613458529
3	610	0.009389671361502348
3	15	0.010954616588419406
3	98	0.004694835680751174
3	42	0.010954616588419406
3	11	0.004694835680751174
3	1	0.006259780907668232
3	36	0.006259780907668232
354	148	0.001564945226917058
354	479	0.003129890453834116
2	50	0.004694835680751174
2	149	0.004694835680751174
2	0	0.012519561815336464
2	32	0.004694835680751174
2	80	0.009389671361502348
353	434	0.001564945226917058
353	243	0.003129890453834116
1	62	0.010954616588419406
1	3	0.006259780907668232
1	0	0.003129890453834116
1	170	0.003129890453834116
1	90	0.003129890453834116
1	226	0.006259780907668232
352	71	0.004694835680751174
0	6	0.009389671361502348
0	14	0.00782472613458529
0	4	0.00782472613458529
0	2	0.012519561815336464
0	220	0.003129890453834116
0	1	0.003129890453834116
0	20	0.006259780907668232
351	15	0.004694835680751174
350	184	0.001564945226917058
19	510	0.009389671361502348
19	69	0.010954616588419406
19	82	0.012519561815336464
19	539	0.00782472613458529
19	18	0.00782472613458529
18	13	0.014084507042253521
18	187	0.009389671361502348
18	102	0.017214397496087636
18	19	0.00782472613458529
18	444	0.004694835680751174
18	169	0.010954616588419406
17	6	0.012519561815336464
17	25	0.004694835680751174
17	462	0.003129890453834116
17	34	0.006259780907668232
17	45	0.00782472613458529
17	44	0.004694835680751174
16	27	0.017214397496087636
16	5	0.00782472613458529
16	212	0.00782472613458529
16	296	0.009389671361502348
16	79	0.010954616588419406
16	89	0.009389671361502348
15	3	0.010954616588419406
15	351	0.004694835680751174
15	65	0.009389671361502348
14	0	0.00782472613458529
14	578	0.003129890453834116
13	103	0.00782472613458529
13	37	0.009389671361502348
13	43	0.018779342723004695
13	9	0.00782472613458529
13	373	0.009389671361502348
13	18	0.014084507042253521
13	53	0.009389671361502348
12	10	0.00782472613458529
12	31	0.004694835680751174
12	384	0.004694835680751174
11	49	0.001564945226917058
11	3	0.004694835680751174
11	22	0.00782472613458529
11	33	0.00782472613458529
11	143	0.00782472613458529
10	6	0.012519561815336464
10	12	0.00782472613458529
10	227	0.006259780907668232
349	127	0.012519561815336464
349	437	0.00782472613458529
348	193	0.003129890453834116
347	529	0.010954616588419406
347	158	0.012519561815336464
346	240	0.006259780907668232
346	454	0.003129890453834116
345	258	0.004694835680751174
345	377	0.003129890453834116
344	547	0.001564945226917058
344	313	0.006259780907668232
344	466	0.004694835680751174
343	24	0.009389671361502348
342	184	0.001564945226917058
342	358	0.003129890453834116
341	422	0.003129890453834116
341	181	0.006259780907668232
340	212	0.003129890453834116
